0 1 11 0
1 11 12 0
1 2 12 0
2 12 13 0
2 3 13 0
3 13 14 0
3 4 14 0
4 14 15 0
4 5 15 0
5 15 16 0
5 6 16 0
6 16 17 0
6 7 17 0
7 17 18 0
7 8 18 0
8 18 19 0
8 9 19 0
9 19 20 0
9 10 20 0
10 20 21 0
11 12 22 0
12 22 23 0
12 13 23 0
13 23 24 0
13 14 24 0
14 24 25 0
14 15 25 0
15 25 26 0
15 16 26 0
16 26 27 0
16 17 27 0
17 27 28 0
17 18 28 0
18 28 29 0
18 19 29 0
19 29 30 0
19 20 30 0
20 30 31 0
20 21 31 0
21 31 32 0
22 23 33 0
23 33 34 0
23 24 34 0
24 34 35 0
24 25 35 0
25 35 36 0
25 26 36 0
26 36 37 0
26 27 37 0
27 37 38 0
27 28 38 0
28 38 39 0
28 29 39 0
29 39 40 0
29 30 40 0
30 40 41 0
30 31 41 0
31 41 42 0
31 32 42 0
32 42 43 0
33 34 44 0
34 44 45 0
34 35 45 0
35 45 46 0
35 36 46 0
36 46 47 0
36 37 47 0
37 47 48 0
37 38 48 0
38 48 49 0
38 39 49 0
39 49 50 0
39 40 50 0
40 50 51 0
40 41 51 0
41 51 52 0
41 42 52 0
42 52 53 0
42 43 53 0
43 53 54 0
44 45 55 0
45 55 56 0
45 46 56 0
46 56 57 0
46 47 57 0
47 57 58 0
47 48 58 0
48 58 59 0
48 49 59 0
49 59 60 0
49 50 60 0
50 60 61 0
50 51 61 0
51 61 62 0
51 52 62 0
52 62 63 0
52 53 63 0
53 63 64 0
53 54 64 0
54 64 65 0
55 56 66 0
56 66 67 0
56 57 67 0
57 67 68 0
57 58 68 0
58 68 69 0
58 59 69 0
59 69 70 0
59 60 70 0
60 70 71 0
60 61 71 0
61 71 72 0
61 62 72 0
62 72 73 0
62 63 73 0
63 73 74 0
63 64 74 0
64 74 75 0
64 65 75 0
65 75 76 0
66 67 77 0
67 77 78 0
67 68 78 0
68 78 79 0
68 69 79 0
69 79 80 0
69 70 80 0
70 80 81 0
70 71 81 0
71 81 82 0
71 72 82 0
72 82 83 0
72 73 83 0
73 83 84 0
73 74 84 0
74 84 85 0
74 75 85 0
75 85 86 0
75 76 86 0
76 86 87 0
77 78 88 0
78 88 89 0
78 79 89 0
79 89 90 0
79 80 90 0
80 90 91 0
80 81 91 0
81 91 92 0
81 82 92 0
82 92 93 0
82 83 93 0
83 93 94 0
83 84 94 0
84 94 95 0
84 85 95 0
85 95 96 0
85 86 96 0
86 96 97 0
86 87 97 0
87 97 98 0
88 89 99 0
89 99 100 0
89 90 100 0
90 100 101 0
90 91 101 0
91 101 102 0
91 92 102 0
92 102 103 0
92 93 103 0
93 103 104 0
93 94 104 0
94 104 105 0
94 95 105 0
95 105 106 0
95 96 106 0
96 106 107 0
96 97 107 0
97 107 108 0
97 98 108 0
98 108 109 0
99 100 110 0
100 110 111 0
100 101 111 0
101 111 112 0
101 102 112 0
102 112 113 0
102 103 113 0
103 113 114 0
103 104 114 0
104 114 115 0
104 105 115 0
105 115 116 0
105 106 116 0
106 116 117 0
106 107 117 0
107 117 118 0
107 108 118 0
108 118 119 0
108 109 119 0
109 119 120 0
